[5071256, 5071256, 5071256, 5071256, 5071256, 5071256, 5071256, 5071256, 5071256, 5071256, 5071256, 5071256, 5071256, 5071256, 5071256, 5071256, 5071256, 5071256, 5071256, 5071256, 5071256, 5071256, 5071256, 5071256, 5071256, 5071256, 5071256, 5071256, 5071256, 5071256, 5071256, 5071256, 5071256, 5071256, 5071256, 5071256, 5071256, 5071256, 5071256, 5071256, 5071256, 5071256, 5071256, 5071256, 5071256, 5071256, 5071256, 5071256, 5071256, 5071256, 5071256, 5071256, 5071256, 5071256, 5071256, 5071256, 5071256, 5071256, 5071256, 5071256, 5071256, 5071256, 5071256, 5071256, 5071256, 5071256, 5071256, 5071256, 5071256, 5071256, 5071256, 5071256, 5071256, 5071256, 5071256, 5071256, 5071256, 5071256, 5071256, 5071256, 5071256, 5071256, 5071256, 5071256, 5071256, 5071256, 5071256, 5071256, 5071256, 5071256, 5071256, 5071256, 5071256, 5071256, 5071256, 5071256, 5071256, 5071256, 5071256, 5071256]
Voici les valeurs uniques: 5071256

Le nombre de valeur unique est 1

[340932]
Voici les valeurs uniques340932

 Le nombre de valeur unique est 1
 
[366381, 16, 8927, 18, 9903, 16, 8927, 18, 9903, 16, 8927, 18, 9903, 16, 8927, 18, 9903, 16, 8927, 18, 9903, 16, 8927, 18, 9903, 16, 8927, 18, 9903, 16, 8927, 18, 9903, 16, 8927, 18, 9903, 16, 8927, 18, 9903, 16, 8927, 18, 9903, 16, 8927, 18, 9903, 16, 8927, 18, 9903, 16, 8927, 18, 9903, 16, 8927, 18, 9903, 16, 8927, 18, 9903, 16, 8927, 18, 9903, 16, 8927, 18, 9903, 16, 8927, 18, 9903, 16, 8927, 18, 9903, 16, 8927, 18, 9903, 16, 8927, 18, 9903, 16, 8927, 18, 9903, 16, 8927, 18, 9903, 16, 8927, 18]
cswap
Voici les valeurs uniques
16
18
8927
9903
366381

Le nombre de valeur unique est 5
[5071256, 5071256, 5071256, 5071256, 5071256, 5071256, 5071256, 5071256, 5071256, 5071256]
Voici les valeurs uniques5071256

 Le nombre de valeur unique est 1